VERTEX_SE2 621 0 0 0
FIX 621
VERTEX_SE2 622 13.5978 -114.162 -0.0301191
VERTEX_SE2 623 30.224 -251.45 -0.0497269
VERTEX_SE2 651 403.219 -317.849 -0.0375225
VERTEX_SE2 652 391.927 -193.636 -0.0246772
VERTEX_SE2 653 365.606 -64.4281 -0.0268799
EDGE_SE2 621 622 13.5978 -114.162 -0.0301191 1 0 0 1 0 1
EDGE_SE2 622 623 12.4843 -137.726 -0.0196079 1 0 0 1 0 1
EDGE_SE2 623 651 369.234 -84.858 0.0122044 1 0 0 1 0 1
EDGE_SE2 651 652 -6.62471 124.55 0.0128453 1 0 0 1 0 1
EDGE_SE2 652 653 -23.1248 129.818 -0.00220277 1 0 0 1 0 1
EDGE_SE2 621 653 357.98 -80.155 0.0348096 1 0 0 1 0 1
